-3.194239102727507884e+00 -3.253122610247260127e+00
-2.808819780780019926e+00 -2.509813917919959891e+00
-2.313280652561818584e+00 -1.876625031863370374e+00
-1.900331379046651392e+00 -1.353555952077492464e+00
-1.377262299260770817e+00 -8.855467754269694680e-01
-8.817231710425730284e-01 -6.102472597501922280e-01
-2.210043334183033892e-01 -2.248279378027024933e-01
5.223043589089968464e-01 1.605913841447863533e-01
1.210553148100940390e+00 4.358908998215644814e-01
2.036451695131274775e+00 7.387203670660200672e-01
2.862350242161609160e+00 9.864899311751207378e-01
3.743308692327298459e+00 1.206729543716542175e+00
4.569207239357632844e+00 1.261789446851898866e+00
5.367575834820289771e+00 1.289319398419576324e+00
6.633953606933468805e+00 1.234259495284219632e+00
7.514912057099158105e+00 9.864899311751207378e-01
8.230690797858780883e+00 6.836604639306642639e-01
9.139179199592149416e+00 4.634208513892419390e-01
9.827427988784094737e+00 1.055314810094305500e-01
1.024037726229926193e+01 -1.422380830996692325e-01
1.103874585776191708e+01 -7.478970175885812921e-01
1.158934488911547334e+01 -1.270966097374459203e+00
1.200229416263064053e+01 -1.959214886566403635e+00
1.263548304868723093e+01 -2.537343869487637349e+00
1.293831251593168474e+01 -3.363242416517971289e+00
1.324114198317614211e+01 -3.996431302574560807e+00
1.348891154728524100e+01 -5.015039510578638726e+00
-3.717308182513384907e+00 1.667856232475146427e+01
-3.249299005862862799e+00 1.560489421361203100e+01
-2.671170022941630862e+00 1.433851644149885018e+01
-2.148100943155750286e+00 1.343002803976548520e+01
-1.404792250828450051e+00 1.238388988019372761e+01
-5.238338006627607513e-01 1.169564109100178229e+01
2.194748916645394843e-01 1.120010196278358094e+01
1.127963293397908018e+00 1.064950293143002824e+01
2.008921743563597317e+00 1.037420341575325011e+01
2.697170532755542638e+00 1.020902370634718181e+01
3.715778740759621002e+00 9.933724190670403686e+00
4.789446851899056057e+00 9.768544481264338941e+00
5.973234769309200942e+00 9.768544481264338941e+00
7.019372928880958540e+00 1.007137394850879275e+01
7.955391282182002755e+00 1.034667346418557088e+01
9.359418812133570853e+00 1.053938312515931486e+01
1.068085648738210480e+01 1.059444302829466977e+01
1.202982411419831799e+01 1.117257201121590526e+01
1.271807290339026331e+01 1.172317104256946152e+01
1.324114198317614211e+01 1.252153963803211667e+01
1.370915115982666421e+01 1.354014784603619503e+01
1.406704053020647649e+01 1.491664542442008567e+01
1.439739994901860953e+01 1.615549324496558725e+01
